37
41
106
153
191
288
292
333
383
491
778
1101
1107
1115
1150
1322
1323
1337
1478
1538
1538
1673
1724
1726
1840
1842
1869
1942
2052
2082
2190
2209
2287
2306
2316
2355
2382
2386
2391
2439
2623
2648
2662
2704
2757
2859
2929
2995
3035
3281
3290
3430
3548
3655
3805
3811
3902
3931
3966
3977
3986
4031
4084
4221
4370
4393
4464
4604
4626
4639
4664
4767
4771
4827
4833
4945
4966
5006
5021
5097
5141
5350
5436
5447
5457
5537
5547
5573
5574
5667
5705
5724
5829
5890
6118
6270
6299
6308
6334
6500
6512
6541
6729
6777
6827
6868
6924
6941
6944
6962
7035
7350
7376
7421
7446
7529
7644
7673
7711
7753
8007
8145
8253
8467
8588
8636
8703
8716
8723
8745
8756
8909
8942
9040
9072
9161
9169
9264
9358
9629
9658
9718
9741
9758
9894
9895
9912
9930
9954
9961
