180
192
77
145
127
974
779
325
400
70
101
697
575
740
73
732
760
514
346
937
28
790
703
442
968
54
300
156
514
534
580
541
118
748
167
216
248
120
881
414
106
339
395
331
692
446
842
372
953
505
727
542
528
61
844
380
819
216
936
294
920
764
413
886
113
381
867
520
77
717
99
348
711
609
778
413
723
637
874
664
877
255
178
304
862
107
624
96
871
975
573
247
841
571
534
106
269
186
101
90
919
849
382
673
976
805
678
454
929
130
327
134
148
918
32
619
847
876
205
698
195
521
250
488
655
34
913
490
512
379
16
80
906
724
106
862
683
776
350
695
998
61
981
636
803
376
850
605
526
240
974
223
887
961
237
219
358
949
145
455
196
302
185
573
395
875
673
911
642
296
872
298
442
896
845
748
510
432
818
306
168
193
746
28
870
334
423
364
375
50
450
341
898
423
405
974
563
360
710
144
685
63
951
948
396
623
952
975
157
815
547
891
65
455
160
599
489
400
925
374
357
784
871
815
221
134
700
216
819
761
667
205
72
98
513
62
824
558
157
944
661
982
71
655
735
473
478
744
715
443
885
424
178
930
481
468
990
952
517
356
591
987
619
868
87
353
714
573
511
340
942
610
761
314
650
415
125
216
389
999
745
678
671
413
735
788
970
614
861
721
131
772
337
272
467
830
38
502
931
946
271
132
617
49
821
712
770
715
397
980
607
224
999
839
273
768
556
786
861
96
310
807
36
175
136
173
738
314
857
940
171
969
540
623
313
264
234
10
342
427
348
187
70
802
127
787
107
638
588
76
100
79
240
104
957
993
94
171
784
65
508
994
860
156
779
630
984
785
413
759
300
341
796
980
141
644
195
709
16
699
806
932
54
253
377
627
643
384
942
277
179
955
770
512
855
341
276
489
19
865
397
642
7
978
183
32
410
384
703
716
66
550
10
161
317
34
675
120
664
29
36
823
724
983
255
867
434
689
542
266
219
483
54
461
45
383
978
936
888
581
771
644
149
318
24
284
512
163
911
449
221
135
155
66
246
72
594
758
700
89
915
749
817
141
471
349
824
123
674
15
816
920
946
254
580
651
97
556
82
506
688
9
335
33
307
391
196
865
247
408
384
351
957
655
474
867
165
559
784
692
389
113
456
212
399
32
504
126
903
154
296
55
235
913
854
378
921
305
49
537
98
167
438
613
54
821
270
616
874
671
981
310
67
200
498
389
925
388
284
642
543
379
849
123
201
809
452
554
55
240
906
785
456
106
43
938
619
12
711
66
966
790
903
520
874
772
254
712
348
461
514
26
142
258
662
953
65
860
824
466
785
155
695
430
653
427
601
517
687
715
132
418
630
747
858
592
7
651
663
765
111
110
9
626
845
941
79
911
131
760
696
945
621
333
965
419
650
51
143
858
521
348
687
4
280
695
983
519
879
181
688
659
687
122
12
717
632
307
469
87
925
926
216
150
293
582
493
426
831
28
123
800
610
248
362
74
955
715
839
21
737
233
118
427
374
7
788
502
699
157
628
697
400
302
154
160
554
36
279
245
802
930
619
708
62
680
760
208
323
211
410
540
648
801
766
429
91
202
430
903
72
18
975
282
533
153
109
581
587
151
549
999
600
658
536
867
217
32
516
310
273
915
105
47
106
209
471
950
384
69
254
374
199
741
555
706
328
72
305
746
598
310
954
139
682
635
203
292
834
20
487
806
520
679
961
835
427
898
696
199
825
93
202
87
355
703
237
163
411
177
987
711
17
224
371
432
332
808
773
318
704
683
355
251
402
885
840
723
956
643
530
111
12
285
440
142
639
407
916
367
435
710
832
858
299
522
700
776
259
53
427
10
835
185
426
723
288
638
825
56
262
536
286
344
962
181
161
565
178
279
513
559
878
838
535
693
726
566
468
196
597
167
168
353
666
213
634
27
764
966
428
900
536
599
304
286
926
443
979
907
717
469
971
704
842
456
620
48
2
635
625
637
304
74
825
663
458
385
136
288
447
425
782
452
597
379
744
43
173
456
937
444
434
256
861
894
855
578
235
477
658
340
747
770
365
222
851
176
699
238
312
161
379
495
249
430
688
942
398
52
199
333
903
175
726
441
177
745
869
347
550
264
851
214
237
993
986
386
728
654
500
636
772
825
820
782
414
278
478
688
878
870
926
708
766
823
20
152
339
797
662
832
967
215
362
912
717
630
6
663
159
586
599
571
747
782
865
14
89
764
459
137
823
186
101
544
46
642
564
438
991
516
38
225
507
61
993
21
42
924
679
879
671
984
356
554
295
261
426
246
905
184
350
731
96
805
893
926
481
405
232
877
5
94
21
841
417
857
979
846
284
452
291
180
221
387
559
26
97
215
845
658
927
554
694
645
185
64
701
865
40
812
324
173
672
445
465
325
571
588
373
820
548
507
749
641
786
656
220
750
860
923
286
756
238
820
259
571
205
820
145
99
712
90
563
948
315
211
449
644
67
757
457
704
957
313
788
261
172
579
376
18
718
588
138
369
549
651
638
332
491
462
670
886
717
986
301
560
677
756
674
490
427
398
136
178
65
217
968
164
6
869
90
839
28
338
218
452
396
41
649
872
611
496
749
215
95
180
111
680
928
973
469
880
400
466
141
851
245
890
72
196
344
765
845
758
570
227
365
84
337
707
935
462
152
758
879
395
312
668
991
513
264
278
785
956
157
442
427
657
99
131
108
532
463
627
358
837
353
832
444
871
559
695
367
897
925
607
580
463
859
776
368
185
304
11
799
587
497
534
575
652
253
659
709
273
69
145
162
665
410
657
946
344
673
374
834
698
572
728
798
181
56
556
890
946
891
836
317
765
444
273
392
221
957
524
136
439
890
330
221
756
396
332
385
556
514
36
57
712
355
530
904
434
41
381
433
776
297
747
763
206
643
514
906
271
290
897
672
381
480
321
721
749
994
807
301
488
741
302
977
706
962
748
696
833
382
953
694
575
816
458
391
554
370
41
975
434
150
475
825
772
620
780
275
810
314
963
660
44
441
515
565
978
107
242
594
315
870
896
599
170
367
11
278
576
919
957
479
870
464
281
329
610
512
95
119
427
883
4
252
253
723
144
811
749
528
396
645
141
723
162
896
512
696
969
527
962
818
297
523
61
183
260
145
619
186
179
514
614
64
455
490
472
523
583
536
762
989
319
519
96
183
823
362
79
173
426
665
733
411
416
38
215
882
86
452
250
696
668
748
711
35
571
216
580
203
352
781
890
78
446
114
93
313
282
993
471
390
996
845
629
671
994
979
466
365
954
264
272
720
926
534
582
803
131
495
982
345
693
815
328
210
337
950
765
408
263
617
18
369
622
445
320
198
440
330
70
654
789
412
187
165
642
7
216
804
37
416
208
161
176
332
195
220
477
374
877
384
16
481
368
954
967
67
595
813
684
492
811
203
37
355
217
157
627
730
526
93
918
295
512
487
95
848
338
975
75
757
914
381
717
260
500
616
223
538
973
565
582
299
599
287
68
177
712
52
19
290
954
551
129
872
475
982
668
309
527
762
864
296
685
368
465
54
914
49
506
712
897
126
318
5
463
205
382
987
944
627
681
98
463
487
745
910
800
334
640
681
657
95
107
11
129
334
87
985
440
371
57
65
932
594
195
691
764
686
998
119
714
689
400
791
343
632
572
4
720
849
81
557
349
512
385
748
905
698
931
206
227
529
442
100
774
492
845
863
384
480
467
730
343
666
289
33
207
545
737
963
189
666
182
957
949
776
810
381
800
101
874
489
352
292
351
944
239
569
228
452
532
163
258
8
482
211
986
308
394
806
294
831
284
345
464
123
328
477
416
404
525
607
716
434
217
454
600
751
68
795
820
12
740
934
368
556
103
803
254
528
169
625
21
72
612
670
570
324
479
827
562
538
516
112
981
865
750
236
130
498
528
570
33
525
466
822
320
413
904
947
380
34
721
831
820
576
903
252
71
52
725
266
733
931
935
529
521
233
601
681
207
387
14
118
994
597
892
477
562
235
511
574
976
783
965
483
123
457
613
126
858
624
311
655
539
753
468
202
910
412
348
461
821
646
841
683
162
458
129
774
665
106
272
834
582
564
140
664
279
457
520
352
152
187
406
884
713
401
324
496
847
100
292
869
689
128
254
142
518
763
8
15
725
934
858
310
459
989
810
80
768
539
729
616
896
506
107
69
316
695
441
603
761
621
660
825
451
509
417
989
967
594
886
326
567
656
671
404
394
895
65
663
195
894
870
429
759
775
834
943
133
283
880
340
798
727
204
75
474
692
425
950
942
656
248
656
536
29
434
544
702
344
716
570
286
139
99
325
736
612
933
274
871
35
827
149
35
391
600
986
47
7
894
972
201
281
901
784
704
635
993
587
818
23
907
985
296
710
295
265
144
462
873
249
567
448
794
895
472
811
51
956
987
803
768
227
221
23
779
109
868
85
925
411
108
842
500
715
401
276
663
234
229
791
53
81
980
843
815
471
635
414
482
403
635
460
912
314
412
661
139
58
352
612
328
918
257
741
883
990
507
324
332
644
358
492
390
808
396
567
453
793
972
449
946
572
456
378
121
55
704
605
564
480
200
275
223
41
478
879
372
868
441
571
758
328
426
884
130
895
422
990
195
4
62
788
220
732
642
787
510
697
353
482
562
454
187
557
161
131
310
245
7
833
557
755
922
348
653
511
644
31
393
709
847
467
801
534
606
978
307
140
923
315
942
950
367
479
408
169
15
367
214
451
151
592
732
643
526
588
781
341
29
527
969
746
352
378
218
608
130
631
94
112
527
805
977
688
136
81
286
642
184
155
179
132
891
675
171
426
3
160
281
964
703
323
136
146
367
951
459
561
143
634
166
7
614
891
889
603
752
212
168
937
391
123
117
950
846
242
401
516
904
398
744
3
613
183
801
781
878
228
803
767
922
758
217
551
202
922
435
26
624
247
526
836
884
525
67
394
352
872
76
354
713
662
492
497
430
893
2
947
998
875
648
827
71
597
61
899
832
468
95
110
484
587
158
150
839
441
389
375
873
774
373
7
433
339
967
718
547
670
294
566
962
986
521
763
514
571
38
29
973
328
877
439
990
59
983
510
754
775
773
30
2
781
997
961
593
39
138
155
288
949
965
783
333
276
470
227
505
725
815
340
17
326
911
16
126
712
52
177
651
56
431
720
648
949
576
536
850
596
700
130
695
397
624
770
394
685
72
690
218
928
784
661
281
108
256
672
399
824
534
833
480
37
102
833
854
561
864
269
781
671
473
783
942
899
205
524
358
782
626
55
357
876
459
446
807
948
291
265
442
97
728
389
313
497
46
579
384
924
138
325
894
151
198
84
922
171
367
465
161
159
557
45
749
287
482
572
963
144
723
873
613
453
256
577
950
443
53
998
525
370
400
495
18
543
944
627
856
151
496
640
463
629
617
807
344
907
418
741
642
618
983
204
197
46
663
157
914
101
234
750
293
457
981
994
106
385
109
827
90
201
501
719
452
837
80
919
819
305
558
879
860
119
31
386
599
451
823
311
57
525
228
123
827
365
335
662
440
238
607
531
694
910
216
401
439
850
146
380
379
876
318
542
161
18
743
576
954
269
733
650
946
197
397
427
192
104
237
962
823
684
85
803
864
294
801
406
58
557
740
13
945
640
638
705
810
714
529
556
319
527
515
6
285
219
629
201
176
105
392
389
787
736
312
740
720
587
341
79
72
475
114
667
574
442
385
971
802
231
518
729
677
873
416
639
895
520
537
5
893
225
828
653
386
629
780
259
109
857
246
593
767
548
440
817
640
751
350
768
253
415
170
928
737
587
7
433
328
655
458
227
983
546
499
496
199
822
709
701
799
191
848
742
153
140
621
964
446
462
47
549
205
939
63
408
532
568
786
95
853
203
855
478
811
376
883
483
932
803
444
38
687
700
409
551
967
844
481
431
818
494
718
590
426
302
106
449
619
941
376
361
671
367
915
197
265
247
383
603
215
280
651
660
393
325
113
862
271
476
770
367
108
793
729
595
609
227
928
157
681
459
122
787
306
977
353
45
759
916
328
74
402
788
128
786
463
29
270
950
449
478
964
547
792
328
771
890
770
261
87
62
128
696
697
560
206
287
404
707
434
965
571
333
973
490
590
660
168
400
913
510
214
916
65
570
273
494
660
230
53
776
265
921
490
455
498
886
545
377
233
897
752
602
91
646
334
969
284
549
103
652
603
63
201
683
593
262
677
710
536
190
124
571
467
514
226
161
847
202
820
749
325
152
705
460
989
304
413
836
377
747
587
224
425
155
572
694
202
870
856
223
464
174
576
869
625
847
120
464
194
963
58
534
494
233
605
594
495
820
466
927
165
573
667
778
586
557
813
491
866
869
587
699
637
9
525
717
995
550
480
242
506
455
5
885
79
926
94
488
563
337
274
502
264
568
314
604
24
667
334
42
687
161
971
37
370
347
216
989
160
879
737
394
482
187
934
183
341
46
531
647
270
817
140
246
619
101
623
614
395
704
872
935
688
467
436
552
702
666
615
382
225
315
252
447
146
492
447
29
69
427
410
806
820
252
495
868
700
565
614
348
287
916
888
591
620
738
134
792
801
270
814
220
221
363
306
351
643
929
664
853
574
732
544
121
342
256
493
506
701
380
33
968
407
374
969
49
758
549
539
127
158
285
831
849
705
354
308
684
246
282
835
312
296
48
272
174
687
470
215
120
541
187
550
463
591
773
226
376
902
299
455
150
387
63
608
442
761
44
190
845
551
759
735
481
994
286
458
572
236
557
664
894
63
654
562
48
998
837
293
65
779
411
9
881
830
982
613
399
791
813
610
462
82
195
661
67
760
185
491
347
890
9
172
439
36
877
187
558
913
510
933
830
836
136
851
966
953
247
638
541
729
467
752
383
683
48
237
198
4
105
487
558
280
341
992
389
753
971
273
860
546
764
632
814
651
347
959
474
347
681
200
117
232
437
124
487
330
2
411
228
265
632
883
86
156
293
306
408
635
480
389
440
430
395
801
385
923
146
35
498
527
140
741
398
879
378
958
274
117
965
658
136
5
782
645
438
199
629
418
177
626
773
631
414
226
624
976
932
78
454
505
561
533
501
630
84
380
971
613
469
466
273
776
327
411
188
861
946
211
139
357
10
993
843
420
918
917
898
418
274
665
623
121
206
133
65
358
97
763
123
971
24
327
282
289
828
197
313
547
769
321
439
79
839
931
308
700
917
614
689
313
850
360
426
960
801
616
362
544
584
985
362
242
113
769
977
445
497
600
645
640
888
981
170
463
826
759
11
343
799
152
892
772
929
562
264
624
344
399
142
928
119
530
445
156
140
192
768
418
410
584
294
806
110
372
594
315
158
321
619
343
377
888
629
833
202
997
960
40
453
623
783
979
698
402
353
773
129
515
287
905
870
35
200
633
467
995
204
363
643
786
28
422
290
311
46
255
584
917
364
657
373
352
889
889
947
534
891
675
932
986
394
533
11
166
920
836
817
679
113
64
118
648
154
225
801
226
313
125
618
895
949
256
773
979
487
376
512
580
890
372
25
778
172
648
581
115
646
855
642
377
862
996
241
525
740
323
400
170
229
853
671
631
617
935
349
818
629
281
66
125
406
495
907
988
330
924
564
345
587
53
249
768
16
865
899
962
755
210
999
400
612
577
534
551
291
523
820
512
593
772
306
471
119
602
706
239
801
561
961
443
980
918
970
455
766
502
403
828
193
309
736
505
112
157
425
806
719
771
132
625
681
942
357
853
935
977
374
474
946
881
604
122
488
269
364
367
924
459
687
316
71
962
576
191
397
579
782
70
479
157
452
647
221
807
165
227
186
28
683
169
546
933
145
21
998
639
410
355
933
619
112
346
431
244
507
494
565
955
275
143
967
281
577
796
365
112
903
274
824
487
38
320
613
891
862
500
421
697
318
799
258
185
63
161
144
546
142
373
138
721
594
751
809
869
326
213
292
521
169
799
633
813
663
249
178
654
662
449
695
432
519
603
587
87
750
729
501
591
720
114
260
837
457
943
854
176
544
362
3
629
786
536
19
988
10
203
900
245
472
479
780
954
870
794
636
180
410
948
421
425
903
924
305
590
4
896
377
377
99
633
126
352
603
340
9
522
353
553
265
14
247
929
65
707
255
327
945
44
302
433
47
16
382
739
866
791
402
909
277
772
89
945
713
733
292
392
662
646
994
799
779
232
966
462
760
254
979
478
81
584
511
329
547
62
869
619
567
377
243
608
677
391
31
737
643
340
350
799
257
719
661
960
579
899
434
864
903
483
975
653
231
230
749
505
315
981
103
948
254
207
543
143
330
184
871
576
18
264
101
393
901
623
103
984
21
139
79
449
558
608
801
777
611
536
549
555
567
522
247
237
197
868
146
188
806
228
179
151
963
922
92
330
924
767
895
545
290
601
154
655
8
170
639
107
263
782
474
200
349
153
688
318
294
873
914
744
108
124
748
79
235
259
296
691
681
284
41
237
793
457
939
444
367
233
295
818
49
375
308
880
927
71
43
751
664
257
143
537
259
799
799
499
208
340
311
883
355
32
963
384
767
208
940
902
372
985
4
815
860
443
660
567
796
794
947
424
655
779
147
616
508
707
776
480
686
957
560
638
348
792
116
432
669
275
284
645
184
542
219
527
412
41
368
952
472
370
266
742
838
129
69
556
130
422
951
211
297
31
691
611
894
875
373
954
981
608
925
608
190
141
25
106
844
149
491
258
100
967
687
42
10
315
275
659
624
447
616
407
692
200
177
385
646
313
836
48
816
282
443
456
203
149
929
31
921
871
114
226
48
285
724
183
989
874
956
948
914
209
892
311
351
34
115
464
87
863
32
732
105
92
243
176
60
852
63
105
635
640
547
725
907
739
916
350
226
467
130
175
552
658
124
87
573
25
428
682
321
809
511
958
7
565
751
478
621
866
185
255
800
806
927
950
99
678
26
52
589
281
39
414
908
273
281
226
489
988
865
594
879
559
448
395
106
548
25
5
973
532
76
337
55
254
813
621
64
972
42
323
975
827
347
666
187
855
557
945
449
669
997
283
717
845
846
42
11
815
741
114
632
511
342
328
865
186
792
579
471
416
578
924
108
341
347
456
9
729
973
584
832
535
24
953
17
128
330
819
355
266
804
696
929
395
818
731
721
532
672
995
13
131
272
340
929
983
956
434
823
350
174
409
41
974
966
938
382
187
751
574
797
921
145
164
631
296
761
175
339
947
690
563
9
961
988
978
414
840
115
175
107
692
229
11
501
710
874
494
644
331
384
280
822
533
315
253
722
455
852
813
456
611
506
101
401
879
215
975
157
924
991
379
159
459
432
104
268
780
20
600
259
595
332
832
339
572
95
228
215
36
998
723
640
630
605
553
558
379
66
390
579
170
176
72
901
77
904
332
217
354
101
565
107
336
320
455
879
840
288
277
346
128
133
909
680
32
298
788
274
681
677
7
128
239
885
603
686
495
590
58
850
723
240
819
693
636
498
893
404
857
125
111
178
744
811
299
590
973
720
601
365
532
16
735
274
718
762
49
87
593
659
974
497
905
584
920
949
505
843
421
495
75
457
967
597
824
418
946
611
133
631
710
476
201
468
810
913
716
671
809
902
972
305
896
709
244
308
748
432
873
956
834
963
465
767
12
115
833
160
628
10
516
16
359
673
284
648
391
968
74
906
609
758
759
948
766
265
405
807
910
319
801
464
55
641
527
356
928
670
561
267
650
472
652
686
717
452
702
395
963
784
747
982
297
303
205
634
647
366
582
508
738
19
471
815
329
787
285
554
933
623
720
998
639
917
198
278
79
729
300
171
335
532
825
841
651
411
88
433
132
239
490
255
288
560
990
88
431
687
886
116
162
161
750
437
749
282
531
649
261
648
250
266
42
10
718
51
769
781
508
37
335
138
774
323
939
999
593
981
57
847
6
819
276
695
817
687
857
534
158
687
411
778
444
591
142
836
164
600
79
139
492
768
99
140
201
8
402
217
36
424
429
802
841
870
466
264
608
884
967
263
506
701
994
311
906
87
821
60
620
508
528
434
394
969
788
547
62
35
906
919
403
564
493
911
717
97
644
528
938
783
808
282
534
428
607
66
381
117
189
950
677
16
193
440
89
613
695
488
974
350
807
436
902
779
922
958
880
951
646
775
148
169
434
832
519
625
766
284
737
268
679
805
642
990
472
956
178
691
633
316
83
128
787
723
66
71
714
153
108
716
636
317
100
446
621
379
667
281
319
835
173
555
852
946
953
521
95
208
189
625
145
605
852
163
54
762
553
263
990
525
693
494
701
491
982
48
473
13
706
5
32
812
807
16
393
917
372
726
307
843
174
658
295
560
277
82
936
558
745
808
198
139
266
214
255
58
312
631
420
846
693
630
598
334
485
115
111
892
184
948
485
139
907
262
676
409
472
731
893
541
152
183
508
274
769
629
434
405
127
477
13
823
9
819
639
344
978
738
139
266
400
153
331
990
94
130
3
4
282
183
504
368
606
485
819
41
681
120
303
145
791
496
332
506
555
59
98
408
183
802
737
660
156
531
868
326
959
182
315
222
673
336
676
718
65
644
752
574
797
889
646
713
995
818
779
884
764
657
442
520
716
644
92
321
713
500
448
294
655
563
379
166
538
514
42
698
11
210
56
231
643
967
180
772
153
801
884
375
391
749
267
900
127
827
711
120
259
301
144
69
59
44
487
962
295
62
156
239
852
957
1
395
266
209
338
810
602
27
699
18
712
297
491
789
684
340
231
353
903
401
557
848
970
416
654
366
685
155
701
94
124
689
783
277
440
891
88
738
807
901
803
476
737
685
559
657
984
996
608
741
682
492
213
857
118
502
821
753
976
789
483
47
82
30
927
110
65
719
113
93
560
859
300
841
992
723
238
596
347
634
730
632
557
490
762
947
952
945
54
126
960
990
833
901
910
231
679
551
362
822
829
636
173
158
416
628
535
248
224
124
817
717
605
995
215
936
379
791
53
218
942
512
556
4
609
888
717
368
11
685
282
953
172
956
684
77
506
977
144
319
735
385
367
334
568
229
665
998
963
289
118
411
603
365
404
703
591
265
734
343
420
222
898
694
805
262
60
325
248
853
923
21
715
147
92
599
78
352
246
67
741
964
176
647
677
561
73
785
886
510
919
881
327
494
8
845
915
993
788
434
46
246
504
465
33
602
210
249
919
812
617
559
263
167
579
469
929
604
55
376
526
330
758
334
681
61
336
439
17
12
684
762
27
770
841
187
483
370
869
48
403
481
165
516
803
72
603
648
253
820
965
220
866
856
456
877
952
306
531
727
945
403
487
691
844
266
414
346
384
92
340
185
762
55
599
6
562
476
250
179
860
163
751
891
588
43
347
711
340
38
166
390
466
79
660
827
878
999
827
729
179
838
17
872
957
654
559
718
665
208
447
479
894
409
76
387
299
71
90
463
764
491
540
930
265
777
394
404
430
659
611
945
39
700
619
950
74
825
803
370
763
314
45
996
621
561
932
132
530
548
266
782
872
723
476
879
355
659
402
279
729
762
821
830
855
798
196
480
719
740
19
505
630
869
822
998
631
249
240
572
537
302
184
946
638
20
724
390
274
513
723
532
727
247
36
244
249
274
315
353
428
994
218
87
966
573
678
381
839
721
40
781
104
990
78
455
157
488
757
242
884
549
522
473
905
678
361
273
363
495
272
281
462
810
534
309
798
951
842
862
687
658
498
857
933
94
304
435
651
263
573
438
774
805
887
632
265
646
427
825
866
255
89
202
204
833
630
386
75
551
264
789
540
362
709
322
259
516
746
437
668
702
296
409
856
344
635
968
934
167
787
240
554
174
108
80
364
535
93
962
472
949
822
530
290
560
89
524
637
989
612
238
680
190
575
407
568
450
703
662
168
680
123
274
543
291
804
303
977
811
632
903
189
943
316
480
551
405
581
836
550
270
636
637
285
735
583
313
871
38
955
124
144
450
238
912
479
79
370
485
801
584
684
700
951
158
674
858
466
73
252
457
402
937
874
262
801
971
619
430
456
442
783
981
764
967
463
769
930
428
527
664
724
999
10
470
410
243
949
710
700
568
94
8
925
197
911
362
680
158
707
887
533
826
99
694
657
347
53
77
990
257
920
904
752
428
297
354
539
73
516
306
442
118
426
137
577
681
255
15
691
778
995
439
241
576
342
945
378
130
985
896
480
509
122
694
621
667
554
119
241
147
77
938
11
973
688
119
339
443
736
121
733
141
158
265
441
705
676
840
204
878
770
514
940
153
823
747
990
337
121
356
138
589
458
330
45
15
849
449
117
167
515
405
627
779
592
169
922
849
592
713
338
985
32
438
442
980
50
402
246
285
655
482
182
949
412
622
511
941
802
651
341
155
75
20
919
54
423
178
198
270
105
319
909
865
529
7
579
11
345
820
694
181
744
539
248
203
815
987
899
683
763
674
970
139
622
740
284
946
698
549
504
254
550
442
570
158
739
977
870
288
977
592
373
922
499
593
935
347
71
820
627
791
474
890
884
275
490
967
916
467
593
760
404
115
795
488
899
527
668
737
360
679
945
731
240
32
357
138
970
208
503
338
635
245
604
697
291
743
538
128
939
450
204
915
586
588
828
690
800
464
47
497
815
676
369
275
581
852
278
886
602
834
765
388
787
45
544
316
520
350
947
72
600
553
156
744
663
837
365
904
102
484
928
290
532
999
92
688
804
957
747
182
808
101
834
439
875
819
413
198
228
326
427
875
270
460
396
200
171
646
442
215
757
526
893
778
728
990
886
659
445
343
378
792
86
906
212
385
416
620
251
214
399
925
611
41
647
878
600
462
575
430
425
927
444
956
847
645
948
620
647
500
763
830
305
708
860
577
923
747
449
328
428
862
536
231
655
891
353
345
166
934
860
823
803
774
365
765
20
804
462
278
995
349
343
864
989
545
485
60
722
269
741
240
434
66
73
546
843
980
534
617
817
447
941
289
192
314
50
765
165
588
461
184
277
771
494
719
419
746
232
531
684
121
782
89
288
171
365
4
783
883
64
877
801
53
855
515
928
128
351
399
563
759
466
581
360
555
51
90
903
378
702
189
811
99
389
824
132
552
493
158
809
601
337
337
693
32
164
12
279
223
48
731
619
102
920
737
243
913
572
895
478
729
222
58
431
619
700
824
33
808
66
790
378
360
479
428
392
88
757
916
430
830
242
849
263
26
793
946
244
285
145
85
105
121
641
388
395
928
585
92
783
360
213
706
474
10
334
609
121
949
845
391
498
610
164
73
749
567
579
527
810
532
776
829
271
292
134
454
278
498
631
854
101
455
191
136
404
29
475
964
27
971
767
623
323
842
165
738
59
985
695
21
711
346
2
523
986
410
600
355
583
420
956
164
827
768
382
535
400
914
799
204
785
333
785
224
866
435
724
611
295
767
88
596
44
237
880
990
987
865
68
814
339
816
401
299
532
996
292
185
22
994
129
660
394
38
488
30
820
919
645
882
889
622
224
48
826
545
398
875
536
277
284
583
894
429
531
560
704
462
552
591
153
621
811
92
777
915
387
903
198
654
655
168
796
885
498
591
805
434
63
50
217
284
326
634
727
830
436
78
764
514
920
284
998
170
118
683
384
418
720
732
138
820
610
905
694
518
828
872
652
691
909
210
342
354
591
967
440
14
934
202
53
324
676
20
694
839
446
442
786
28
251
427
704
227
885
961
989
506
661
357
961
931
699
278
347
778
209
208
359
400
564
312
38
291
627
977
98
859
717
404
285
447
466
925
887
104
586
625
212
657
164
740
254
592
115
198
194
674
825
605
335
633
592
809
511
236
305
964
790
477
379
626
701
205
180
189
202
310
340
613
616
409
630
539
175
937
967
544
967
383
218
633
746
782
410
122
790
608
964
611
682
571
604
593
786
256
528
6
885
726
501
663
581
621
80
297
695
55
389
510
681
871
687
191
893
743
732
502
518
281
390
373
605
442
289
15
212
778
773
785
103
861
146
542
214
779
855
782
310
459
641
119
269
330
857
403
803
235
601
627
862
153
285
131
517
15
855
622
577
178
705
566
744
47
279
640
343
592
28
788
40
888
509
16
592
976
478
219
429
802
781
601
514
144
881
590
302
840
651
177
405
282
435
211
22
639
429
171
522
398
988
932
31
506
301
672
238
652
27
13
845
615
763
549
292
603
538
481
366
496
348
261
146
146
201
805
477
421
448
375
34
755
859
859
154
700
52
586
916
823
900
385
456
868
365
426
338
903
333
559
444
382
742
84
971
49
964
861
974
200
315
717
80
650
283
635
601
85
120
277
864
382
627
159
586
183
525
407
519
844
76
606
194
324
357
278
182
892
416
316
302
10
734
489
993
291
28
954
697
697
593
690
842
46
56
984
288
600
709
498
28
446
695
627
797
374
638
704
800
10
965
531
173
704
333
5
627
116
187
735
286
602
677
1
937
354
162
736
539
992
510
922
382
158
450
253
364
607
559
47
175
951
552
494
628
967
66
802
362
783
382
521
937
288
709
400
560
874
844
913
440
55
43
935
623
453
720
340
725
124
417
811
779
99
838
816
432
907
9
51
901
380
354
678
149
668
747
114
448
199
530
640
618
305
547
614
919
429
14
167
240
650
833
334
813
55
212
735
673
854
166
736
78
216
774
201
538
680
977
186
260
743
369
466
26
889
990
261
362
8
959
441
391
140
554
173
799
49
584
313
765
368
867
875
443
825
835
509
54
688
508
88
582
551
236
366
139
177
863
4
770
138
716
293
187
365
253
112
586
136
395
434
649
429
765
310
80
969
458
243
163
282
973
916
327
686
531
139
758
362
979
395
886
992
764
677
959
128
926
160
349
992
207
15
387
245
437
501
791
233
283
73
863
472
535
393
330
642
379
809
14
665
682
611
576
969
710
576
768
256
896
351
184
725
904
787
970
446
786
143
907
428
483
92
276
300
276
463
153
335
432
427
554
931
37
56
632
291
485
194
595
999
211
144
915
63
104
118
112
493
443
547
84
787
948
417
244
227
806
699
281
705
263
65
756
829
34
156
373
803
747
760
348
233
440
222
93
559
742
590
452
666
759
657
899
774
301
391
540
143
260
496
327
722
972
225
324
854
988
365
241
784
76
135
661
659
84
94
590
992
81
816
953
273
13
235
460
72
483
183
59
960
896
476
625
574
187
628
882
926
142
959
802
127
379
794
490
603
161
893
5
368
707
36
907
845
607
871
795
191
763
587
421
819
901
685
836
680
255
827
184
589
860
842
150
556
287
646
122
217
221
180
861
714
536
308
727
142
73
382
859
867
138
220
172
681
784
195
549
480
254
195
106
14
35
141
501
419
157
221
360
475
734
537
408
886
604
721
151
743
259
408
533
61
124
325
582
136
379
102
273
242
782
731
448
194
480
608
998
90
69
873
540
379
499
973
218
561
474
386
44
657
748
12
621
557
365
970
446
396
245
127
644
657
565
859
940
350
938
622
510
565
631
386
720
155
238
523
190
844
233
841
596
915
42
885
854
567
631
650
487
900
667
15
224
642
254
431
431
526
873
984
27
867
974
761
483
254
396
444
748
866
694
847
121
376
967
942
884
525
616
682
348
313
455
340
98
937
821
119
299
791
279
322
467
47
355
834
934
751
547
421
641
778
595
991
457
322
80
125
95
292
538
608
801
721
943
496
678
511
172
822
845
643
668
290
273
173
155
257
911
549
787
762
942
162
799
286
570
458
657
396
788
553
541
398
141
439
591
706
100
554
726
67
497
598
484
562
411
746
680
512
369
372
938
802
451
618
294
566
149
519
702
746
595
19
896
44
987
806
184
415
26
883
837
1
805
203
889
45
975
288
762
904
192
573
150
299
90
180
590
297
7
860
943
990
471
24
994
764
287
784
230
295
40
340
979
199
448
827
379
461
583
147
357
164
187
326
890
636
108
99
728
763
883
664
433
370
894
530
956
3
710
562
565
242
454
192
953
860
626
64
365
369
575
96
348
647
87
833
360
423
677
855
469
876
844
540
152
948
472
521
27
427
852
554
548
178
306
728
284
610
466
934
790
941
420
932
938
736
550
719
678
293
500
552
102
176
677
917
401
816
332
608
572
531
433
198
65
847
155
67
620
698
820
84
121
783
709
280
262
434
561
637
94
705
796
318
37
21
696
655
610
889
131
427
488
31
500
558
723
224
687
750
539
797
465
580
946
921
162
784
974
173
26
860
978
344
918
309
814
399
942
435
531
706
48
37
393
472
821
122
58
102
315
344
740
209
903
320
983
409
218
921
458
408
178
692
229
118
936
304
895
124
778
164
44
233
386
524
431
422
294
4
529
703
573
241
449
655
960
22
72
922
47
187
818
21
775
658
68
559
251
307
468
430
95
774
750
660
977
598
272
873
337
340
122
674
324
656
615
886
988
430
978
765
940
104
687
914
502
908
241
628
384
944
46
380
705
823
979
401
977
995
707
444
698
97
745
287
154
630
514
78
464
515
995
665
315
21
220
423
964
619
822
708
786
74
866
62
947
893
785
697
64
876
658
778
646
661
833
437
172
433
745
228
590
472
535
773
115
310
899
700
98
391
808
9
630
172
491
786
88
792
546
812
243
625
168
544
778
448
346
246
216
754
835
761
692
121
141
269
206
970
732
327
957
651
120
162
415
745
9
491
115
151
164
238
44
52
406
34
14
694
769
858
247
711
434
728
23
105
278
353
781
624
449
110
129
849
804
228
763
720
231
538
542
228
867
88
123
793
865
765
197
663
910
449
150
644
915
601
357
694
736
854
357
319
706
78
118
262
835
690
424
453
896
314
809
704
10
103
58
509
165
683
500
645
505
11
538
121
581
82
798
385
433
225
777
927
685
88
759
390
709
59
473
921
668
829
282
888
71
248
155
285
650
755
818
352
412
967
345
732
456
94
974
894
409
541
609
148
893
20
210
161
247
864
505
530
933
723
248
111
652
712
643
232
389
774
372
922
817
364
634
895
489
585
34
970
229
308
543
303
960
979
953
922
596
468
846
508
604
57
121
731
883
313
79
283
375
958
307
920
829
671
390
851
356
332
256
181
983
252
599
740
844
898
397
53
829
653
345
909
519
317
642
130
217
88
340
999
927
151
293
534
83
986
524
268
459
333
441
119
490
324
518
434
427
731
474
154
744
429
375
614
640
815
75
114
431
303
434
568
90
420
926
977
738
831
474
37
122
213
718
407
89
304
169
980
112
459
244
648
861
29
634
125
56
289
208
317
429
847
288
598
433
58
527
288
879
351
399
672
193
21
936
289
45
993
142
403
634
288
887
391
229
711
346
971
178
899
156
595
840
38
958
525
648
784
141
130
117
317
586
518
650
31
74
35
149
619
155
350
49
448
114
455
219
161
661
108
744
434
357
831
18
613
26
410
556
142
139
990
782
526
446
539
992
943
432
538
917
435
450
892
536
994
755
342
527
85
50
713
19
105
578
333
40
339
193
736
899
898
814
985
738
199
515
529
845
82
37
520
192
119
397
930
403
209
571
379
976
418
513
391
988
748
306
31
508
205
91
816
149
448
391
253
568
982
254
103
558
197
842
524
937
370
485
786
882
997
45
116
315
719
775
771
963
628
956
483
952
426
75
784
98
207
612
754
582
148
450
703
208
860
922
920
445
121
535
806
530
889
781
929
813
772
84
708
386
828
68
872
27
242
624
201
464
21
948
80
415
791
613
397
393
675
81
504
730
520
885
166
427
240
117
220
668
187
12
81
17
862
704
806
907
120
944
52
692
555
596
641
25
634
380
474
440
264
843
494
932
746
607
861
179
32
507
14
5
394
657
991
142
267
57
115
299
147
364
547
552
105
76
479
298
421
912
452
598
476
862
137
721
603
290
115
919
869
137
161
666
655
47
571
377
804
437
457
431
240
740
122
935
787
631
456
442
527
895
871
442
984
914
900
883
717
853
776
902
983
112
139
227
254
326
774
457
261
487
316
854
338
251
437
64
147
836
660
593
744
340
902
75
691
102
280
537
741
138
916
511
830
268
248
583
897
370
378
246
449
567
396
49
7
801
577
679
551
183
406
409
698
383
932
917
920
50
994
323
353
711
235
51
889
961
15
756
721
977
589
931
206
970
233
617
636
221
853
452
592
494
31
78
232
285
779
124
220
911
591
7
454
866
252
554
667
676
988
696
682
72
35
627
193
511
380
288
42
67
800
775
490
314
498
705
217
633
885
367
964
763
37
478
772
421
719
377
495
419
346
72
766
101
568
768
695
125
23
315
462
216
380
568
886
713
997
128
350
537
717
448
156
806
527
954
61
318
207
1
927
524
90
82
180
839
71
919
228
79
767
675
762
75
575
275
450
88
940
305
354
834
567
891
615
769
883
575
897
222
313
232
546
49
844
647
759
385
46
568
926
761
845
872
36
973
997
64
673
957
768
322
173
885
549
149
792
901
149
607
684
927
262
602
155
176
460
217
761
563
22
727
554
488
314
936
593
566
84
29
76
769
542
986
779
577
207
993
963
780
193
641
848
552
899
368
985
214
15
960
471
121
153
333
494
696
856
819
377
832
92
589
400
891
552
434
769
119
307
927
628
908
111
392
643
938
100
310
95
595
808
976
996
931
219
450
562
351
180
199
751
79
109
889
413
423
510
325
564
49
40
374
509
113
422
901
745
452
959
135
961
479
765
487
472
395
24
665
594
541
615
880
106
134
43
797
509
780
756
842
809
626
623
285
157
943
871
735
657
187
803
874
292
948
639
839
256
35
196
291
250
282
123
190
257
352
33
908
707
911
852
697
777
239
898
934
344
679
429
384
707
359
577
286
817
209
605
705
532
497
990
764
21
312
880
182
645
215
36
340
449
686
788
124
165
597
532
724
273
720
489
64
448
113
56
50
294
796
264
682
510
559
286
250
613
297
498
434
932
726
639
936
804
101
576
480
491
937
15
577
966
194
472
315
656
513
636
172
700
767
441
890
22
918
186
234
968
223
407
250
13
615
252
68
664
874
855
253
503
221
664
744
74
152
423
603
735
354
940
585
842
905
988
179
728
596
221
330
246
606
66
458
597
537
111
27
747
653
889
850
574
333
422
403
468
771
410
720
712
154
618
744
354
717
581
719
711
544
743
275
834
687
155
813
829
673
75
432
798
8
167
208
498
884
55
651
652
953
129
980
839
153
140
433
486
638
522
9
81
635
134
732
944
227
783
591
472
926
230
630
984
434
600
184
98
413
154
913
348
525
898
27
195
718
406
954
923
425
134
469
371
866
195
288
813
118
282
796
716
929
686
87
99
551
130
964
19
579
336
142
905
438
865
224
81
345
736
344
769
161
170
846
740
763
757
657
103
773
608
557
176
634
379
397
160
306
117
658
131
968
442
211
698
969
397
63
625
448
482
755
755
253
406
814
372
175
474
476
900
331
344
727
492
721
669
879
210
169
151
899
133
693
539
520
728
920
90
158
381
371
414
871
237
834
442
569
275
671
425
307
717
856
698
883
130
396
142
779
318
135
246
849
546
188
319
396
18
618
563
52
723
380
531
497
195
964
306
834
483
754
912
639
891
939
302
531
778
389
8
465
576
324
240
790
914
415
299
487
615
714
261
809
657
669
255
166
634
426
446
455
256
447
668
285
183
893
12
97
754
754
901
829
904
384
996
134
611
661
818
170
198
187
254
422
9
156
234
932
786
525
540
604
476
498
445
580
780
958
511
136
197
271
884
493
645
682
204
13
632
735
647
345
64
335
436
6
832
880
141
779
507
696
90
778
652
581
821
390
295
98
506
324
470
446
440
399
965
516
576
488
998
775
173
236
137
387
727
800
803
612
473
212
476
698
618
800
719
294
802
101
563
801
330
66
564
907
880
617
859
706
650
343
955
442
416
595
567
95
273
572
625
442
155
662
599
412
479
816
236
360
418
26
649
681
139
691
895
410
141
340
745
598
191
688
976
321
17
95
528
534
841
812
226
588
333
487
9
848
248
500
185
829
520
202
637
680
716
250
504
835
180
487
866
61
587
159
557
124
439
937
21
508
29
337
757
993
780
568
259
738
125
446
976
76
788
991
240
262
868
324
54
787
585
902
491
91
451
712
418
287
179
847
269
742
54
286
398
924
896
909
530
539
336
779
43
595
528
684
595
813
229
16
635
196
766
754
910
209
822
236
105
371
350
675
521
690
163
525
949
974
301
246
229
235
532
344
843
215
866
891
64
250
852
751
962
515
158
738
645
261
763
936
391
662
96
996
852
126
223
447
39
259
645
33
585
934
391
514
463
81
559
351
33
411
24
885
977
526
421
73
837
816
964
950
670
172
181
310
763
353
931
565
519
23
199
649
56
670
12
187
609
68
585
126
514
461
49
697
444
134
441
700
856
570
936
935
966
236
398
442
575
599
606
521
669
431
462
405
120
799
120
582
616
974
149
3
946
889
260
989
753
168
927
291
493
345
219
279
724
915
564
143
441
413
793
880
789
578
955
330
284
605
68
650
43
923
677
695
589
709
414
491
717
582
17
39
166
86
377
688
15
197
521
687
732
873
261
536
10
280
630
979
79
97
32
860
273
964
227
841
130
262
95
453
180
657
869
862
121
462
796
199
335
791
733
76
851
783
6
900
681
280
856
437
859
7
211
810
314
72
476
603
482
209
908
856
404
198
469
405
24
268
892
969
607
733
294
833
420
267
446
717
381
445
233
509
207
791
233
624
202
542
129
468
580
142
886
803
480
335
427
837
567
628
103
886
775
187
121
210
688
377
227
651
311
567
183
325
926
36
747
746
993
999
514
250
588
973
487
122
523
722
180
852
271
384
691
558
812
237
153
181
132
690
18
293
701
764
353
343
450
48
832
550
974
393
985
685
292
145
992
165
872
539
985
269
677
708
546
518
314
893
758
446
449
909
314
159
203
78
816
944
432
59
187
532
253
197
323
438
703
18
310
613
295
892
931
231
555
697
382
228
502
94
529
32
964
660
435
89
293
277
272
634
753
428
138
914
162
10
131
494
60
284
372
667
380
810
528
407
697
768
136
870
421
500
481
687
627
494
127
250
275
53
641
246
721
39
834
845
859
554
237
368
423
156
934
456
341
448
708
592
721
670
771
157
745
895
455
488
613
688
357
731
676
423
74
934
663
99
256
196
533
79
696
696
879
373
581
834
420
287
834
704
272
671
478
321
968
193
120
35
719
645
521
749
249
529
340
182
737
341
201
563
588
758
787
441
342
600
118
579
681
728
692
588
415
568
268
721
813
229
165
651
971
690
438
846
571
41
41
794
124
822
296
669
658
92
17
93
547
627
777
994
15
906
491
812
845
81
780
645
425
964
508
589
420
676
555
687
45
349
996
103
827
127
792
960
604
101
509
261
257
167
217
708
335
673
866
471
481
655
279
899
177
485
291
23
537
780
140
862
696
970
57
165
280
962
765
211
109
735
223
685
57
459
920
873
383
410
478
183
65
261
252
419
62
202
479
853
424
103
886
687
582
748
492
162
537
563
916
116
481
868
534
228
960
69
392
369
323
820
213
691
564
195
613
664
504
51
465
704
204
271
317
4
175
249
403
800
679
885
172
898
455
698
449
275
404
284
766
398
945
736
380
66
974
76
300
21
349
294
665
527
827
237
574
977
581
965
909
711
610
812
82
504
189
351
795
542
650
120
799
289
466
909
914
900
112
850
676
795
68
517
321
997
68
278
628
99
926
117
363
50
264
952
622
407
666
74
27
665
385
915
74
494
524
23
178
515
420
790
133
225
956
32
300
914
525
394
275
184
962
444
733
100
594
240
595
3
896
238
424
207
521
535
197
593
784
480
755
352
566
289
79
68
537
272
292
203
623
714
333
573
469
813
820
865
782
730
426
15
913
146
91
855
994
967
600
489
737
11
656
780
646
267
157
809
755
2
14
515
812
888
47
333
248
619
245
880
33
608
166
89
976
418
955
224
967
927
742
11
898
470
916
295
776
372
227
459
383
706
409
424
567
894
486
453
326
777
257
199
377
582
290
398
168
206
772
649
28
454
904
510
406
438
198
114
299
971
780
751
615
195
642
31
585
233
746
251
555
531
927
805
870
682
900
638
796
382
920
794
587
911
394
67
427
20
183
582
383
363
929
345
274
605
507
959
992
931
348
966
16
247
555
203
595
270
123
831
797
743
604
646
481
790
743
83
951
443
184
368
823
168
13
226
206
200
817
563
938
742
834
965
606
219
263
824
254
27
507
327
928
615
852
119
172
703
109
287
593
267
136
265
236
328
593
103
482
162
17
914
398
941
776
139
259
662
998
827
580
760
431
794
973
446
320
249
347
189
274
333
392
966
798
992
864
918
460
610
200
605
971
814
768
931
966
103
123
322
735
491
929
405
294
32
542
410
885
399
519
113
845
999
15
750
158
994
777
531
26
308
478
763
773
788
875
837
227
996
575
862
670
424
880
816
123
761
667
4
652
659
424
864
656
588
150
746
225
41
468
488
330
282
464
400
139
286
169
912
201
888
221
478
227
955
639
779
568
230
9
54
950
239
24
557
761
130
913
12
633
824
255
834
236
938
131
200
808
483
922
133
559
167
487
486
653
744
439
602
506
210
849
706
533
477
706
31
245
975
